-5.95025
6.9703
1.25521
-0.961989
5.5205
-2.46353
-1.63587
1.03002
-4.65051
1.4233
-1.57035
-3.23274
-0.157572
-14.9336
-0.97406
-2.06104
3.15637
-2.49252
2.81447
-2.48959
27.5202
-9.9264
-2.75693
2.59172
-1.19342
-3.20261
-0.411525
2.78182
1.95433
-10.5815
5.05821
-2.81404
-2.91629
-0.98658
-6.14112
-5.44743
23.0252
-4.68417
-1.42872
-4.42739
-2.82219
-6.05011
0.335006
1.18148
0.91823
-1.78896
-12.3015
-5.60823
0.323152
5.57356
5.48982
-2.05915
-3.01698
3.98341
0.947916
-1.53566
-1.77358
-1.52068
9.39172
-7.55592
-0.936918
0.708563
-3.14036
-11.7778
-2.137
19.0092
2.57349
-0.582995
-7.44402
-3.93905
-1.42429
-5.21898
-3.7671
-5.27057
-3.10392
2.72491
-5.89316
2.03884
-1.99181
-1.49523
-2.17352
-1.33561
-1.42978
-1.48251
11.1612
3.13673
29.8286
-3.83847
-2.62452
-17.7097
-8.35511
0.824537
10.4799
0.843266
-2.56352
-1.05554
-7.78028
0.411768
3.73669
-1.6426
4.34845
-4.85549
-4.09065
-3.12747
-1.27378
0.879251
10.6184
-0.561363
-1.56323
-7.52478
2.14867
-0.78573
18.5803
18.5125
0.0612677
3.57653
7.24441
1.37912
-4.72769
3.1637
-6.43647
1.61749
-2.72545
-0.930218
-0.0689528
3.42907
5.72136
0.00874348
-1.36371
3.24747
-2.63832
-0.838669
0.692293
-0.500178
10.0264
-0.00606887
13.1396
-3.05236
-5.2439
-0.269906
0.179283
-3.86445
6.65416
-3.74002
16.2561
-5.31059
0.695473
-6.28162
0.376505
-9.37555
0.450471
-1.12721
-0.336355
3.69375
-4.33005
4.19205
37.2519
0.455864
-4.35673
-2.08019
-3.52185
-7.65098
-9.18994
-0.666018
-1.15457
-2.47805
2.24287
7.19285
-10.1973
-1.76726
-1.24298
49.6647
2.98707
-1.4699
-1.52544
8.39545
-2.4799
7.66282
-8.37755
0.481027
1.19053
2.53847
26.5112
-1.46323
-4.79018
1.48394
-1.2491
2.73302
3.35718
1.56008
3.4142
-4.47213
4.57965
-11.3369
0.58169
3.27225
2.38845
-0.846938
-2.3517
2.4577
-0.347365
-2.2821
-0.801419
-3.01447
-5.60247
0.467021
1.67315
-1.58453
2.02966
0.799094
0.214518
0.893641
4.43529
-0.594274
-1.77551
7.86238
4.42662
-3.08632
-0.148108
-8.4681
-2.23665
2.44008
-1.29485
0.172144
1.01296
-2.881
-4.72709
12.6641
0.91339
-3.2121
-0.762497
44.6343
-4.88803
-0.428904
-7.02309
-1.05824
3.92426
-8.29088
-4.78412
0.647191
-2.12789
-2.36049
3.86137
-0.224102
-2.5957
-4.80173
-7.94153
6.83767
-0.212767
2.77413
-0.667316
4.89409
3.71975
2.33571
-0.517197
-1.97065
-1.37389
-3.6734
7.72808
1.67266
2.48048
-7.62543
32.4308
0.224353
0.312418
-2.27325
-4.62852
-2.90677
-1.58232
0.132141
-1.54383
-1.17434
-0.794297
-7.3249
-0.637571
-3.66686
0.702917
-8.31917
2.69156
2.79467
-0.58876
0.480499
0.13334
-0.826988
-6.94734
9.21999
6.67466
0.238789
-27.0864
-0.725145
-6.08008
-1.54393
6.06126
-6.64082
-1.94766
18.6719
-7.10521
-10.4691
-1.03532
-1.77897
0.858751
-3.32026
0.0247874
2.58552
-4.95561
-0.959226
10.6712
16.5991
-2.68769
0.531327
1.55136
0.774456
-11.3154
2.7497
6.66395
2.82842
-4.56841
0.626564
-0.77513
3.4332
5.60055
-4.89656
-6.68258
1.18282
-0.274154
4.54627
-0.139856
1.47459
-6.77497
-0.904359
2.9037
-0.0957274
-4.7328
-3.14675
1.41646
-2.87007
3.31858
-3.41054
-4.97928
-8.1208
-9.68694
14.0375
-4.2829
34.9161
-2.21822
-7.17286
-7.38056
-1.18536
-4.76552
-2.6016
-5.57299
-1.23756
-0.201565
-0.421627
1.07369
-0.316201
-0.601023
-0.642306
-3.31152
0.714024
-8.17889
4.22142
-0.511632
-1.60965
-0.505603
0.646639
29.4686
-0.0557932
-1.58108
-17.7955
-5.0435
1.21158
20.0406
7.59518
13.195
-0.575214
-2.13362
0.463411
-14.7259
-5.03841
3.61793
-3.16112
-1.97314
0.209401
-1.64431
-0.694747
-1.62399
-0.0771989
-0.830437
2.73139
0.0121995
-0.354627
0.117819
-2.7505
-9.68628
-1.21017
3.51561
1.16368
3.49357
15.0471
-3.94931
-1.40298
-1.67385
0.75283
-0.652032
2.88941
1.58654
1.02325
-0.389439
-0.206325
-5.49705
3.23598
-1.39081
0.0988145
4.26669
1.5982
0.124694
0.776465
nan
-1.40867
-1.37794
0.411657
0.693878
3.10354
5.98667
-0.806483
0.383075
-5.74587
5.40525
4.88791
-1.88561
-0.865521
-5.63188
-1.13677
0.363176
1.79043
0.0378682
-2.82662
-0.528895
0.726392
-0.385495
-1.45193
-1.7706
0.203902
2.12767
-0.432709
-0.631325
1.28837
-0.521208
-0.502182
1.53439
-2.2704
7.68577
7.74003
-0.825031
-2.24597
2.40498
8.14983
-1.36997
-3.15498
-0.585563
1.16621
5.09166
-0.875873
0.25491
-0.802841
-0.424809
-0.83321
-1.96858
3.24145
3.97423
1.00762
0.493124
-0.563282
1.74675
-0.527852
0.81415
-0.210698
-0.849589
3.62221
0.732736
-0.307565
-0.42988
1.49161
-1.9759
10.8321
-0.805675
-1.81301
2.40909
0.109908
3.6115
-1.52599
-1.50738
0.414467
-1.21614
-0.471346
-1.06896
3.16986
-1.35099
-0.48094
-1.03952
2.35466
-0.213462
-0.0657851
-0.358765
-0.801452
-0.293838
-1.11035
-2.08162
1.44592
-0.497175
-0.67045
-0.446346
0.67254
-1.57264
-0.658243
-0.884875
1.15218
-0.122942
-1.39929
-1.48296
0.207283
-0.747807
0.89718
13.4021
0.949443
2.28432
0.505246
9.8355
1.52455
-0.718222
5.78805
-0.828626
0.570714
-2.18942
-0.112591
5.67572
2.23117
1.89876
0.774255
-1.70245
-2.13485
-0.595484
10.8762
-1.58461
-5.16337
0.980197
1.28783
2.15505
-0.687941
-0.819383
2.41912
0.357115
13.0925
11.8407
0.82393
6.84617
-2.79965
1.45936
1.96423
2.32402
-1.10556
-0.36579
0.863329
2.13292
0.686271
3.90216
5.56337
2.06616
-2.37051
3.80879
-2.74723
8.85572
3.29334
-0.621078
0.586998
0.816475
6.10317
2.46403
0.734974
-0.444721
1.75154
-1.48234
-6.11936
-1.31193
11.5682
1.79527
3.42637
-1.49257
2.30814
-0.620405
2.46167
-0.421261
2.0621
12.1103
-0.397783
-1.98733
-0.052146
2.81561
1.07508
4.63157
21.3762
0.595804
2.3048
14.2014
4.21367
4.55784
-0.134839
3.52216
-0.810495
7.12614
26.4315
-2.32493
0.132472
10.0478
-2.14571
9.19179
0.0573697
1.37298
6.87638
2.3694
2.62246
-1.90088
5.92173
10.2463
2.24549
-0.89178
-0.430571
-1.61035
2.76206
7.24552
1.94139
1.42179
-2.27414
-4.36966
-4.47267
3.26537
-2.19213
-4.39521
6.03545
2.28988
-1.31212
2.20183
0.996929
-0.260855
-1.81581
2.10089
2.72422
0.360621
1.6942
2.86979
1.85198
7.06093
3.07501
-0.875646
1.56421
-0.0675098
-0.873088
-1.38952
2.16053
8.17292
-0.819934
-0.407003
10.8492
0.719981
4.50949
0.0799155
0.487228
2.90507
6.05738
-0.800032
1.45691
1.65599
0.777225
4.77079
1.48196
-1.00943
3.55584
0.0959305
-1.15455
-0.890674
1.26875
1.95616
-1.22045
-0.977126
0.431846
6.47879
3.28384
1.26868
-2.1555
-2.92483
-0.157089
3.75246
-1.74672
-0.24506
2.64475
-0.0445072
1.94856
3.44851
2.50111
-0.282888
6.04043
0.521609
-0.551029
1.02731
-2.90187
-0.0225434
-0.151549
-1.85086
-0.421189
1.39713
3.57671
1.77252
1.91953
-1.75576
-1.25496
1.89973
31.4243
-1.17636
0.888632
4.72301
4.84232
2.05399
1.67219
-0.914639
-0.964734
1.24432
2.10197
-2.4604
12.2184
-1.17798
7.59027
0.65453
1.0492
-3.75015
1.064
5.34384
3.41073
-0.339371
4.18287
23.3249
1.34846
-1.63359
-0.66843
2.41288
12.5551
0.134163
1.01147
3.75209
4.99942
3.39248
0.0978038
1.64403
1.35457
-0.250023
3.67576
-4.6558
1.30624
2.93758
-0.796054
0.670352
-2.34204
2.17592
0.872628
-1.63474
-3.53043
-0.723109
2.67107
7.72182
-1.21461
0.42668
0.567094
0.967523
4.64943
1.13157
2.01849
-0.588582
4.66095
0.453438
-0.673877
0.739556
-2.33906
-0.679695
-3.52802
5.53914
1.11429
-3.25409
1.67826
0.390219
0.793313
-2.10223
0.31229
0.868718
-0.673626
4.38829
-0.201224
2.30319
-2.04834
1.32313
-2.3746
0.167919
0.132854
0.824122
-1.22392
-2.46218
0.149306
0.211198
-1.60988
0.741665
4.0346
-0.331581
0.521623
-3.47118
1.21722
-2.23336
0.161857
-0.11368
-0.260586
0.11758
2.84524
0.445115
-1.44045
1.5429
0.665218
-0.508405
-2.38513
0.0244899
0.551777
-0.0335249
0.227221
-0.666931
0.854766
2.46884
-0.44718
-1.31243
2.21816
-1.28464
-1.1325
-0.241015
-0.249402
-1.30339
2.51782
-0.565126
0.0461717
0.203515
0.777871
-0.414135
-1.40921
0.346468
-0.260417
-0.939678
0.854398
-0.551079
-0.027668
-0.139503
0.0507375
-0.417407
-0.442643
-0.693383
-1.13882
-0.45804
0.814212
-0.0432573
-0.423137
0.393953
1.78506
0.175742
0.0359649
0.0755129
-0.460812
-0.556704
-0.0506865
0.556386
1.27535
-0.456208
0.386201
-0.77324
-0.747294
0.25873
-0.516278
-0.132266
0.125771
-0.676366
-1.44365
-0.389064
0.106721
0.177327
0.564005
-0.475684
1.52875
0.0977196
0.077906
-1.01105
-0.984048
0.0252637
-0.305491
-0.0737793
-1.33014
-0.234505
-0.552959
-1.32419
-0.58884
-0.70935
0.248086
-0.133864
-0.281184
-0.434725
-0.178033
-0.490473
-0.0637832
-0.711914
0.249277
0.521176
0.407362
-0.113337
0.724927
-0.0908778
-0.0285456
0.416764
0.671456
-0.267986
-0.273004
-0.149084
0.0119132
-0.418054
0.0728491
-0.0824153
1.11326
-0.260159
-0.176991
0.30896
-0.00244463
0.48983
-0.492157
-0.12189
0.176945
-0.721696
-0.700931
0.429972
-0.0893587
0.160864
-0.404277
-0.26117
1.1213
-0.112213
0.346439
0.558842
0.334906
0.274323
0.0310554
0.221401
-0.456998
0.101021
0.213161
0.186312
-0.418918
-0.178566
-0.315017
-0.775474
0.0978971
-0.134245
0.214714
0.397144
-0.513702
0.158561
0.73159
-0.469211
-0.446045
-0.220837
0.308337
0.0958171
0.220416
0.088739
-0.113842
-0.111095
0.160359
-0.742754
0.0794675
-0.0595558
0.0428201
-0.23414
0.0286111
-0.00789762
0.28743
0.00240024
0.00807415
0.00410442
0.0333937
-6.11668
-0.893291
-0.612865
-4.57763
1.86749
-1.46922
0.684368
-8.69472
-1.65158
0.951785
-1.00687
