1.35381
0.61645
0.668598
0.481063
1.16639
1.54592
1.23222
0.970792
1.50893
0.897869
1.30163
1.19541
0.175834
2.07636
0.840193
1.06643
0.561804
1.20017
0.814301
1.05234
0.346008
1.75816
1.11701
1.33152
1.43617
1.15904
1.46432
0.555115
0.524091
1.69579
0.834937
1.3254
0.792245
0.765996
1.52025
1.5445
0.72377
1.24157
0.86795
1.33224
1.23311
1.34236
0.950628
0.556446
0.580936
0.721218
1.79658
1.43947
1.24187
0.605525
0.250744
0.819869
1.43633
0.912956
1.41832
1.41002
0.764937
1.07747
0.205875
1.39597
0.562817
0.866598
0.887269
1.90942
0.983504
0.896174
0.7233
0.549893
1.44837
1.11746
1.4431
1.13466
1.255
1.18264
1.01852
0.147949
1.33524
0.920286
1.25704
1.49186
1.72435
0.875325
1.04443
0.873698
1.37915
0.743525
0.510517
1.09833
1.63258
1.238
1.66009
1.11899
0.921615
0.904423
1.0943
0.932094
1.26545
0.909316
0.779112
1.08475
0.181222
1.24251
1.12025
1.37594
0.711587
0.319746
0.79029
1.29551
0.838316
1.55928
0.387703
0.515153
0.274739
0.978061
0.670264
0.763996
1.19289
1.4389
1.80035
0.211598
1.47816
0.784375
1.07991
0.754424
0.951226
0.827787
0.451308
4.39022
1.3923
1.08819
0.802212
0.841099
0.871718
0.620118
1.09793
1.21849
1.25053
1.15574
1.24768
0.251829
-0.860942
1.11598
1.05605
1.52819
1.38367
1.206
0.86543
1.53431
0.698065
1.57382
0.990692
0.365887
0.545788
0.483511
1.17563
0.778886
0.234668
0.320364
1.59478
1.37475
0.931115
1.54494
1.71662
0.833454
0.189971
2.38489
0.897586
0.682533
1.70759
1.21978
1.6678
0.836766
1.18629
0.619894
0.567131
1.18157
0.776254
0.64121
1.65353
0.0704557
-1.46921
0.70114
0.617462
0.9244
1.40908
0.886771
1.04196
1.26875
0.934481
0.659142
0.604091
1.00466
1.35444
1.69952
0.222277
0.499391
0.450595
1.56012
0.967132
0.838189
0.818965
1.07726
1.22984
0.802633
1.29572
-0.960038
0.922681
1.27377
0.0927423
1.16404
1.50271
1.17254
0.700574
0.651821
1.10048
-0.0596182
1.09272
1.35987
0.994538
1.68371
1.73269
-3.56667
0.39665
0.0107108
1.04073
1.50458
1.09782
0.839517
0.682639
0.96391
1.28998
1.01416
1.45615
0.77958
1.37128
1.23842
0.331176
1.60565
1.40436
0.342423
1.30319
1.20211
0.44408
1.34587
0.951224
1.26181
1.63514
0.852739
1.78421
0.996883
1.29952
0.646931
0.62991
-0.121035
0.803185
0.788462
1.19986
1.13707
0.734568
0.760273
0.779347
1.53826
0.856497
0.998511
-0.548839
2.11852
1.24468
1.40315
1.46826
0.912245
1.03393
-0.00728509
0.870599
1.70037
1.42483
1.00999
0.415715
1.71292
0.324996
0.426126
1.40449
0.613694
0.6134
1.0397
1.24951
1.3737
1.17581
1.06503
2.02943
0.904563
1.60004
1.15577
0.783839
1.28554
0.938923
0.92697
1.59401
1.83535
1.24815
0.761859
0.788852
1.68333
0.787977
0.618443
1.33153
0.883465
0.325367
0.617151
1.19276
0.0825089
0.92711
0.996999
1.42315
1.25698
0.810647
1.07102
1.0305
1.0447
-0.104781
0.369922
0.346171
1.39971
1.33156
0.89469
0.835864
0.779965
0.710242
0.83047
1.57638
0.753143
0.684873
0.810952
1.23991
1.09453
1.15354
1.20735
0.620414
0.848551
1.29255
1.55788
1.82184
0.645545
1.19831
0.529087
1.29673
1.67669
1.57239
0.842949
0.950042
1.77052
1.29709
0.317049
0.898104
1.27339
0.692842
0.529585
0.541619
0.926453
1.20279
0.74435
1.78404
0.301428
0.35039
1.16125
1.24256
1.46774
0.00403326
0.29124
0.611128
1.65952
1.19486
0.487406
0.648094
1.04755
0.643462
0.702125
1.36026
0.672578
2.0486
1.41561
0.548724
1.27055
1.01656
0.902675
0.620445
0.907472
0.600651
0.963929
1.01884
1.1515
0.941629
1.24528
0.359412
0.975677
1.48448
0.879187
0.849512
0.903178
1.56141
0.472406
1.48613
0.609238
0.607375
0.682697
0.706241
0.220482
0.92715
0.999091
1.24627
0.560124
1.1906
0.967176
0.823336
0.713449
0.286243
0.464053
1.39666
-0.337237
-7.46077
1.19396
1.42519
-0.741947
1.90682
-0.183637
0.540766
0.580655
0.707392
1.71761
0.25909
0.427138
0.96105
1.35054
1.42956
1.13243
0.857253
0.588224
1.21126
1.56026
1.07548
0.795171
1.11562
0.750843
0.988059
0.942256
0.825194
0.597659
1.34164
0.771884
1.40794
0.857105
0.467822
1.18021
0.502233
0.684744
1.02148
1.65923
0.90252
1.0523
1.1863
1.54718
0.5751
1.13328
0.346608
0.938287
0.803031
0.210912
1.30308
-0.278795
1.17534
0.929304
0.663685
0.414923
0.994881
0.889192
-0.69234
0.439897
0.826375
1.33226
0.302187
0.458755
0.281466
0.668134
0.618897
0.954035
1.76378
-0.154244
1.07616
1.22412
0.506751
0.703553
0.712725
0.992858
1.47752
0.250778
1.65404
0.821145
1.23627
1.3614
1.33102
0.577567
1.50966
1.16118
1.16961
0.993966
1.56989
1.42275
0.89825
0.939776
1.7461
-0.0609132
0.0743084
0.781806
0.68223
1.15983
1.42246
0.473669
1.52834
0.69448
0.885878
1.40155
1.19168
0.842031
1.07865
0.745384
-0.0463934
0.366586
1.10809
1.28977
-0.092521
1.03337
1.20591
1.0146
0.929557
1.3259
1.77806
1.21536
0.997194
0.58483
0.554638
1.31963
1.73041
1.32321
0.627583
0.977423
1.00481
1.79894
0.333329
0.70135
0.580571
0.343932
1.31364
1.53457
0.452184
0.66678
0.518581
0.60748
0.706628
1.49916
0.720733
1.26628
0.521676
0.945441
0.194686
1.09789
1.03003
1.11677
0.957126
0.929021
0.71466
1.44797
1.2006
1.74511
1.23346
1.04522
1.16166
0.839664
0.832882
0.758535
0.592176
0.505475
0.944817
0.942824
1.15728
1.60991
1.24009
0.332575
1.03701
1.17236
1.39509
1.21013
0.942362
0.641548
1.02141
0.967988
1.40147
0.457345
1.25224
0.802174
1.35573
0.00151272
0.77501
0.546048
0.533193
0.624857
1.03899
0.823173
1.14557
0.454428
0.912863
1.40095
0.578357
0.322101
1.17351
1.24033
1.01787
0.893626
1.08388
1.571
0.282311
0.331202
1.15626
0.372772
0.9529
0.949176
0.323762
0.210262
0.505938
0.920508
1.26726
0.528478
0.524544
1.10784
0.626629
1.53955
1.15936
1.49902
1.77716
1.30488
1.5568
0.777922
0.644682
0.898768
0.435708
0.913032
0.928336
0.908675
0.764693
1.22664
0.776884
0.634459
-0.0579965
0.585363
0.869202
0.912473
1.1895
0.720926
0.593331
0.703617
1.51711
1.246
1.09153
0.563715
0.813813
0.802574
0.920783
0.534519
0.941329
0.187416
1.06524
1.47845
1.6088
0.838095
1.10932
0.624788
0.33536
0.546124
1.12824
-0.0105888
0.581562
0.667589
1.45634
1.132
-0.56024
1.33634
1.20717
0.853816
0.767149
0.477303
1.35155
1.54041
1.72768
0.421498
1.0547
1.55727
1.02734
-0.154463
0.54036
-0.218511
-1.31822
1.28588
0.687646
0.459593
0.737292
1.13213
0.573711
1.66676
1.24189
1.33954
1.39355
1.63586
0.658361
-0.829713
0.638711
0.567241
1.50722
0.877574
0.936484
0.986783
1.559
0.474883
-0.447782
0.530687
0.508947
0.687919
1.17881
1.32424
1.06474
0.638612
1.0185
0.712345
1.51338
1.04653
0.422451
1.39549
1.47412
0.810986
1.32588
0.525771
0.545285
1.03832
1.3545
1.23052
1.45068
1.13075
0.468081
0.937824
1.18557
1.43835
0.0402819
0.848609
0.250897
1.2545
0.18982
0.721125
0.965987
0.62731
1.8312
1.17111
0.874232
0.680048
0.157015
1.40756
0.589487
1.54525
1.81804
1.60349
0.975003
0.986494
-1.02623
0.963021
1.26742
0.709028
1.15513
1.15858
1.12261
1.28502
1.05376
1.40427
0.736751
1.79129
-0.825485
1.42801
0.782637
2.18409
0.550694
0.912045
1.73087
0.882412
1.47572
0.441761
1.71075
0.916681
1.18856
1.01746
0.559279
1.39279
0.907757
1.42522
1.36955
1.48789
0.555714
1.41807
1.93011
1.57531
1.66521
0.849597
0.414171
1.41616
0.264077
0.906604
1.3096
0.645371
2.13222
0.619595
1.72999
1.21256
1.46463
0.887355
0.725843
0.772632
1.54767
1.78074
0.359848
1.40343
0.989589
2.16848
0.845972
0.430379
0.809436
0.579652
1.10507
0.12992
0.807845
0.785093
1.67148
0.397044
1.96071
1.27588
1.23183
1.16633
1.56619
1.08126
1.27969
1.66273
0.52876
1.28152
0.935216
1.65923
1.04054
0.844609
1.89935
1.10565
1.09506
0.737739
1.02789
1.27485
0.947133
2.32123
0.793641
2.58594
2.22942
1.2802
0.59753
1.24207
1.52223
1.46425
0.84249
0.576804
0.159346
0.164382
1.97598
1.133
0.555653
0.638444
0.897184
0.691047
1.32905
0.529293
0.420502
1.66444
0.695126
0.801325
1.14642
1.97602
1.7863
1.61192
0.639505
0.617918
0.784907
1.45009
0.598073
1.81417
1.18579
1.15304
1.71749
0.626977
0.498872
2.0749
0.512705
1.49036
2.79066
0.650598
1.1561
0.0179785
0.424591
0.218563
0.399025
0.76047
1.75528
0.465309
2.51284
-0.0895661
-0.203301
0.565339
0.747302
0.490057
1.02685
0.907052
-0.948183
0.888646
2.65058
0.584111
0.406581
0.820593
0.527737
0.528836
0.599987
2.53085
0.524622
0.169865
-0.6398
0.753391
0.810245
1.54717
0.755386
0.902759
0.903731
1.38956
0.478623
1.30449
0.54529
1.97539
1.04516
0.99922
0.59383
-1.779
-2.09775
0.317896
0.672557
0.694463
0.428056
1.19747
1.5608
-1.45101
1.5073
1.22061
1.20838
0.991135
2.45026
0.72566
0.120363
0.479921
0.266194
1.68791
1.41311
-0.698218
2.34033
0.919695
0.0457394
1.04154
1.55512
0.889314
0.651695
2.42277
0.401157
0.951145
14.1384
2.27872
1.93219
0.536122
1.16151
0.667205
1.59625
1.36171
0.0601223
0.776156
0.596062
0.184777
1.18423
1.40344
0.998009
1.37952
0.768112
1.1189
0.838932
1.69656
0.701691
0.873621
0.791159
