2
24

         0       298
       299       599
       600       894
       895      1185
      1186      1483
      1484      1783
      1784      2085
      2086      2370
      2371      2671
      2672      2972
      2973      3273
      3274      3572
      3573      3873
      3874      4173
      4174      4475
      4476      4776
      4777      5077
      5078      5378
      5379      5676
      5677      5962
      5963      6243
      6244      6526
      6527      6809
      6810      7091