2
24

      7092      7372
      7373      7655
      7656      7926
      7927      8177
      8178      8429
      8430      8681
      8682      8932
      8933      9184
      9185      9436
      9437      9689
      9690      9941
      9942     10191
     10192     10443
     10444     10694
     10695     10947
     10948     11199
     11200     11451
     11452     11702
     11703     11928
     11929     12178
     12179     12432
     12433     12685
     12686     12936
     12937     13188