2
24

     13189     13441
     13442     13694
     13695     13947
     13948     14199
     14200     14451
     14452     14704
     14705     14957
     14958     15210
     15211     15463
     15464     15716
     15717     15969
     15970     16221
     16222     16474
     16475     16727
     16728     16980
     16981     17232
     17233     17485
     17486     17738
     17739     17992
     17993     18245
     18246     18497
     18498     18749
     18750     19003
     19004     19256