2
24

     19257     19508
     19509     19760
     19761     20012
     20013     20260
     20261     20512
     20513     20764
     20765     21016
     21017     21268
     21269     21519
     21520     21770
     21771     22023
     22024     22275
     22276     22527
     22528     22779
     22780     23029
     23030     23281
     23282     23533
     23534     23785
     23786     24037
     24038     24288
     24289     24539
     24540     24791
     24792     25044
     25045     25296
